a <- c(1, 4, 3, 6, 8)
b <- c(2, 3)
c<- a+b
c
